213752 216732 221063 221595 225583 229133 230698 233222
236093 237330 239636 290138 292123 296229 299183 252936
259711 257200 257607 261929 263819 266799 268699 273050
275001 277606 278997 283331 287109 287953 289137 291591
292559 292996 295180 295566 297529 300900 309707 306931
310638 313595 318999 319021 322082 323796 326266 326880
327299 329919 339392 339575 336723 336739 338808 393269
396090 350113 353631 357159 361633 361891 369889 365796
365799 366926 369156 369999 369689 372896 379983 375223
379163 380712 385690 386777 388599 389950 390178 392993
399792 395921 398699 398832 901199 902219 905369 908088
912901 917683 922267 929767 926613 930979 933910 935059
990052 999630 997852 999116 953865 957631 961750 962985
963328 966958 969601 973108 976773 977956 981991 982922
986195 988359 989209 989388 991928 996569 996969 997901
500877 502386 502715 507617 512526 512827 513796 518232
521955 529277 528996 529395 531231 531766 535067 535183
536593 537360 539055 590582 593708 597992 550779 551595
556993 558807 559102 562050 569962 569677 570995 575997
579937 580112 580680 582958 583012 585395 586299 587393
590983 593112 593899 599293 597525 598189 600955 600953
601523 605761 608618 609198 610191 610536 612636 615233
618319 622752 626395 626632 628889 629957 629693 633673
637656 691136 699176 699973 697617 652218 657193 659902
662229 666265 668010 672980 672695 676868 677125 678315 